address: 269 West End Lane
latitude: 51.550594
longitude: -0.191681
name: 269 Bar
postcode: NW6
