address: 259 Upper St
latitude: 51.5461216
longitude: -0.1032551
name: Buffalo Bar
postcode: N1
