address: 91 Brick Lane
latitude: 51.52078
longitude: -0.07207
name: Cafe 1001
postcode: E1 6QL
